 0.00000000e+00  1.97044723e+05  0.00000000e+00  1.72801106e+05 
 1.00000000e-08  1.97044723e+05  1.00000000e-08  1.72801106e+05 
 2.00000000e-08  1.97044723e+05  2.00000000e-08  1.72801106e+05 
 4.00000000e-08  1.97044723e+05  4.00000000e-08  1.72801106e+05 
 8.00000000e-08  1.97044723e+05  8.00000000e-08  1.72801106e+05 
 1.60000000e-07  1.97044723e+05  1.60000000e-07  1.72801106e+05 
 3.20000000e-07  1.97044723e+05  3.20000000e-07  1.72801106e+05 
 6.40000000e-07  1.97044723e+05  6.40000000e-07  1.72801106e+05 
 1.00000000e-06  1.97044723e+05  1.00000000e-06  1.72801106e+05 
 1.00000010e-06  1.97044723e+05  1.00000010e-06  1.72801106e+05 
 1.00000030e-06  1.97044723e+05  1.00000030e-06  1.72801106e+05 
 1.00000070e-06  1.97044723e+05  1.00000070e-06  1.72801106e+05 
 1.00000100e-06  1.97044723e+05  1.00000100e-06  1.72801106e+05 
 1.00000108e-06  1.97044723e+05  1.00000108e-06  1.72801106e+05 
 1.00000124e-06  1.97044723e+05  1.00000124e-06  1.72801106e+05 
 1.00000156e-06  1.97044723e+05  1.00000156e-06  1.72801106e+05 
 1.00000220e-06  1.97044723e+05  1.00000220e-06  1.72801106e+05 
 1.00000348e-06  1.97044723e+05  1.00000348e-06  1.72801106e+05 
 1.00000604e-06  1.97044723e+05  1.00000604e-06  1.72801106e+05 
 1.00001116e-06  1.97044723e+05  1.00001116e-06  1.72801106e+05 
 1.00002140e-06  1.97044723e+05  1.00002140e-06  1.72801106e+05 
 1.00004188e-06  1.97044723e+05  1.00004188e-06  1.72801106e+05 
 1.00008284e-06  1.97044723e+05  1.00008284e-06  1.72801106e+05 
 1.00016476e-06  1.97044723e+05  1.00016476e-06  1.72801106e+05 
 1.00032860e-06  1.97044723e+05  1.00032860e-06  1.72801106e+05 
 1.00065628e-06  1.97044723e+05  1.00065628e-06  1.72801106e+05 
 1.00131164e-06  1.97044723e+05  1.00131164e-06  1.72801106e+05 
 1.00262236e-06  1.97044723e+05  1.00262236e-06  1.72801106e+05 
 1.00524380e-06  1.97044723e+05  1.00524380e-06  1.72801106e+05 
 1.01048668e-06  1.97044723e+05  1.01048668e-06  1.72801106e+05 
 1.02097244e-06  1.97044723e+05  1.02097244e-06  1.72801106e+05 
 1.04194396e-06  1.97044723e+05  1.04194396e-06  1.72801106e+05 
 1.08388700e-06  1.97044723e+05  1.08388700e-06  1.72801106e+05 
 1.16128125e-06  1.97044723e+05  1.16128125e-06  1.72801106e+05 
 1.26952960e-06  1.97044723e+05  1.26952960e-06  1.72801106e+05 
 1.48602628e-06  1.97044723e+05  1.48602628e-06  1.72801106e+05 
 1.91901965e-06  1.97044723e+05  1.91901965e-06  1.72801106e+05 
 2.02726799e-06  1.97044723e+05  2.02726799e-06  1.72801106e+05 
 2.24376467e-06  1.97044723e+05  2.24376467e-06  1.72801106e+05 
 2.50418215e-06  1.97044723e+05  2.50418215e-06  1.72801106e+05 
 2.74544022e-06  1.97044723e+05  2.74544022e-06  1.72801106e+05 
 3.05681069e-06  1.97044723e+05  3.05681069e-06  1.72801106e+05 
 3.37888973e-06  1.97044723e+05  3.37888973e-06  1.72801106e+05 
 3.99475184e-06  1.97044723e+05  3.99475184e-06  1.72801106e+05 
 4.72734852e-06  1.97044723e+05  4.72734852e-06  1.72801106e+05 
 5.72734852e-06  1.97044723e+05  5.72734852e-06  1.72801106e+05 
 6.72734852e-06  1.97044723e+05  6.72734852e-06  1.72801106e+05 
 7.72734852e-06  1.97044723e+05  7.72734852e-06  1.72801106e+05 
 8.72734852e-06  1.97044723e+05  8.72734852e-06  1.72801106e+05 
 9.72734852e-06  1.97044723e+05  9.72734852e-06  1.72801106e+05 
 1.07273485e-05  1.97044723e+05  1.07273485e-05  1.72801106e+05 
 1.17273485e-05  1.97044723e+05  1.17273485e-05  1.72801106e+05 
 1.27273485e-05  1.97044723e+05  1.27273485e-05  1.72801106e+05 
 1.37273485e-05  1.97044723e+05  1.37273485e-05  1.72801106e+05 
 1.47273485e-05  1.97044723e+05  1.47273485e-05  1.72801106e+05 
 1.57273485e-05  1.97044723e+05  1.57273485e-05  1.72801106e+05 
 1.67273485e-05  1.97044723e+05  1.67273485e-05  1.72801106e+05 
 1.77273485e-05  1.97044723e+05  1.77273485e-05  1.72801106e+05 
 1.87273485e-05  1.97044723e+05  1.87273485e-05  1.72801106e+05 
 1.97273485e-05  1.97044723e+05  1.97273485e-05  1.72801106e+05 
 2.07273485e-05  1.97044723e+05  2.07273485e-05  1.72801106e+05 
 2.17273485e-05  1.97044723e+05  2.17273485e-05  1.72801106e+05 
 2.27273485e-05  1.97044723e+05  2.27273485e-05  1.72801106e+05 
 2.37273485e-05  1.97044723e+05  2.37273485e-05  1.72801106e+05 
 2.47273485e-05  1.97044723e+05  2.47273485e-05  1.72801106e+05 
 2.57273485e-05  1.97044723e+05  2.57273485e-05  1.72801106e+05 
 2.67273485e-05  1.97044723e+05  2.67273485e-05  1.72801106e+05 
 2.77273485e-05  1.97044723e+05  2.77273485e-05  1.72801106e+05 
 2.87273485e-05  1.97044723e+05  2.87273485e-05  1.72801106e+05 
 2.97273485e-05  1.97044723e+05  2.97273485e-05  1.72801106e+05 
 3.07273485e-05  1.97044723e+05  3.07273485e-05  1.72801106e+05 
 3.17273485e-05  1.97044723e+05  3.17273485e-05  1.72801106e+05 
 3.27273485e-05  1.97044723e+05  3.27273485e-05  1.72801106e+05 
 3.37273485e-05  1.97044723e+05  3.37273485e-05  1.72801106e+05 
 3.47273485e-05  1.97044723e+05  3.47273485e-05  1.72801106e+05 
 3.57273485e-05  1.97044723e+05  3.57273485e-05  1.72801106e+05 
 3.67273485e-05  1.97044723e+05  3.67273485e-05  1.72801106e+05 
 3.77273485e-05  1.97044723e+05  3.77273485e-05  1.72801106e+05 
 3.87273485e-05  1.97044723e+05  3.87273485e-05  1.72801106e+05 
 3.97273485e-05  1.97044723e+05  3.97273485e-05  1.72801106e+05 
 4.07273485e-05  1.97044723e+05  4.07273485e-05  1.72801106e+05 
 4.17273485e-05  1.97044723e+05  4.17273485e-05  1.72801106e+05 
 4.27273485e-05  1.97044723e+05  4.27273485e-05  1.72801106e+05 
 4.37273485e-05  1.97044723e+05  4.37273485e-05  1.72801106e+05 
 4.47273485e-05  1.97044723e+05  4.47273485e-05  1.72801106e+05 
 4.57273485e-05  1.97044723e+05  4.57273485e-05  1.72801106e+05 
 4.67273485e-05  1.97044723e+05  4.67273485e-05  1.72801106e+05 
 4.77273485e-05  1.97044723e+05  4.77273485e-05  1.72801106e+05 
 4.87273485e-05  1.97044723e+05  4.87273485e-05  1.72801106e+05 
 4.97273485e-05  1.97044723e+05  4.97273485e-05  1.72801106e+05 
 5.07273485e-05  1.97044723e+05  5.07273485e-05  1.72801106e+05 
 5.17273485e-05  1.97044723e+05  5.17273485e-05  1.72801106e+05 
 5.27273485e-05  1.97044723e+05  5.27273485e-05  1.72801106e+05 
 5.37273485e-05  1.97044723e+05  5.37273485e-05  1.72801106e+05 
 5.47273485e-05  1.97044723e+05  5.47273485e-05  1.72801106e+05 
 5.57273485e-05  1.97044723e+05  5.57273485e-05  1.72801106e+05 
 5.67273485e-05  1.97044723e+05  5.67273485e-05  1.72801106e+05 
 5.77273485e-05  1.97044723e+05  5.77273485e-05  1.72801106e+05 
 5.87273485e-05  1.97044723e+05  5.87273485e-05  1.72801106e+05 
 5.97273485e-05  1.97044723e+05  5.97273485e-05  1.72801106e+05 
 6.07273485e-05  1.97044723e+05  6.07273485e-05  1.72801106e+05 
 6.17273485e-05  1.97044723e+05  6.17273485e-05  1.72801106e+05 
 6.27273485e-05  1.97044723e+05  6.27273485e-05  1.72801106e+05 
 6.37273485e-05  1.97044723e+05  6.37273485e-05  1.72801106e+05 
 6.47273485e-05  1.97044723e+05  6.47273485e-05  1.72801106e+05 
 6.57273485e-05  1.97044723e+05  6.57273485e-05  1.72801106e+05 
 6.67273485e-05  1.97044723e+05  6.67273485e-05  1.72801106e+05 
 6.77273485e-05  1.97044723e+05  6.77273485e-05  1.72801106e+05 
 6.87273485e-05  1.97044723e+05  6.87273485e-05  1.72801106e+05 
 6.97273485e-05  1.97044723e+05  6.97273485e-05  1.72801106e+05 
 7.07273485e-05  1.97044723e+05  7.07273485e-05  1.72801106e+05 
 7.17273485e-05  1.97044723e+05  7.17273485e-05  1.72801106e+05 
 7.27273485e-05  1.97044723e+05  7.27273485e-05  1.72801106e+05 
 7.37273485e-05  1.97044723e+05  7.37273485e-05  1.72801106e+05 
 7.47273485e-05  1.97044723e+05  7.47273485e-05  1.72801106e+05 
 7.57273485e-05  1.97044723e+05  7.57273485e-05  1.72801106e+05 
 7.67273485e-05  1.97044723e+05  7.67273485e-05  1.72801106e+05 
 7.77273485e-05  1.97044723e+05  7.77273485e-05  1.72801106e+05 
 7.87273485e-05  1.97044723e+05  7.87273485e-05  1.72801106e+05 
 7.97273485e-05  1.97044723e+05  7.97273485e-05  1.72801106e+05 
 8.07273485e-05  1.97044723e+05  8.07273485e-05  1.72801106e+05 
 8.17273485e-05  1.97044723e+05  8.17273485e-05  1.72801106e+05 
 8.27273485e-05  1.97044723e+05  8.27273485e-05  1.72801106e+05 
 8.37273485e-05  1.97044723e+05  8.37273485e-05  1.72801106e+05 
 8.47273485e-05  1.97044723e+05  8.47273485e-05  1.72801106e+05 
 8.57273485e-05  1.97044723e+05  8.57273485e-05  1.72801106e+05 
 8.67273485e-05  1.97044723e+05  8.67273485e-05  1.72801106e+05 
 8.77273485e-05  1.97044723e+05  8.77273485e-05  1.72801106e+05 
 8.87273485e-05  1.97044723e+05  8.87273485e-05  1.72801106e+05 
 8.97273485e-05  1.97044723e+05  8.97273485e-05  1.72801106e+05 
 9.07273485e-05  1.97044723e+05  9.07273485e-05  1.72801106e+05 
 9.17273485e-05  1.97044723e+05  9.17273485e-05  1.72801106e+05 
 9.27273485e-05  1.97044723e+05  9.27273485e-05  1.72801106e+05 
 9.37273485e-05  1.97044723e+05  9.37273485e-05  1.72801106e+05 
 9.47273485e-05  1.97044723e+05  9.47273485e-05  1.72801106e+05 
 9.57273485e-05  1.97044723e+05  9.57273485e-05  1.72801106e+05 
 9.67273485e-05  1.97044723e+05  9.67273485e-05  1.72801106e+05 
 9.77273485e-05  1.97044723e+05  9.77273485e-05  1.72801106e+05 
 9.87273485e-05  1.97044723e+05  9.87273485e-05  1.72801106e+05 
 9.97273485e-05  1.97044723e+05  9.97273485e-05  1.72801106e+05 
 1.00727349e-04  1.97044723e+05  1.00727349e-04  1.72801106e+05 
 1.01727349e-04  1.97044723e+05  1.01727349e-04  1.72801106e+05 
 1.02727349e-04  1.97044723e+05  1.02727349e-04  1.72801106e+05 
 1.03727349e-04  1.97044723e+05  1.03727349e-04  1.72801106e+05 
 1.04727349e-04  1.97044723e+05  1.04727349e-04  1.72801106e+05 
 1.05727349e-04  1.97044723e+05  1.05727349e-04  1.72801106e+05 
 1.06727349e-04  1.97044723e+05  1.06727349e-04  1.72801106e+05 
 1.07727349e-04  1.97044723e+05  1.07727349e-04  1.72801106e+05 
 1.08727349e-04  1.97044723e+05  1.08727349e-04  1.72801106e+05 
 1.09727349e-04  1.97044723e+05  1.09727349e-04  1.72801106e+05 
 1.10727349e-04  1.97044723e+05  1.10727349e-04  1.72801106e+05 
 1.11727349e-04  1.97044723e+05  1.11727349e-04  1.72801106e+05 
 1.12727349e-04  1.97044723e+05  1.12727349e-04  1.72801106e+05 
 1.13727349e-04  1.97044723e+05  1.13727349e-04  1.72801106e+05 
 1.14727349e-04  1.97044723e+05  1.14727349e-04  1.72801106e+05 
 1.15727349e-04  1.97044723e+05  1.15727349e-04  1.72801106e+05 
 1.16727349e-04  1.97044723e+05  1.16727349e-04  1.72801106e+05 
 1.17727349e-04  1.97044723e+05  1.17727349e-04  1.72801106e+05 
 1.18727349e-04  1.97044723e+05  1.18727349e-04  1.72801106e+05 
 1.19727349e-04  1.97044723e+05  1.19727349e-04  1.72801106e+05 
 1.20727349e-04  1.97044723e+05  1.20727349e-04  1.72801106e+05 
 1.21727349e-04  1.97044723e+05  1.21727349e-04  1.72801106e+05 
 1.22727349e-04  1.97044723e+05  1.22727349e-04  1.72801106e+05 
 1.23727349e-04  1.97044723e+05  1.23727349e-04  1.72801106e+05 
 1.24727349e-04  1.97044723e+05  1.24727349e-04  1.72801106e+05 
 1.25727349e-04  1.97044723e+05  1.25727349e-04  1.72801106e+05 
 1.26727349e-04  1.97044723e+05  1.26727349e-04  1.72801106e+05 
 1.27727349e-04  1.97044723e+05  1.27727349e-04  1.72801106e+05 
 1.28727349e-04  1.97044723e+05  1.28727349e-04  1.72801106e+05 
 1.29727349e-04  1.97044723e+05  1.29727349e-04  1.72801106e+05 
 1.30727349e-04  1.97044723e+05  1.30727349e-04  1.72801106e+05 
 1.31727349e-04  1.97044723e+05  1.31727349e-04  1.72801106e+05 
 1.32727349e-04  1.97044723e+05  1.32727349e-04  1.72801106e+05 
 1.33727349e-04  1.97044723e+05  1.33727349e-04  1.72801106e+05 
 1.34727349e-04  1.97044723e+05  1.34727349e-04  1.72801106e+05 
 1.35727349e-04  1.97044723e+05  1.35727349e-04  1.72801106e+05 
 1.36727349e-04  1.97044723e+05  1.36727349e-04  1.72801106e+05 
 1.37727349e-04  1.97044723e+05  1.37727349e-04  1.72801106e+05 
 1.38727349e-04  1.97044723e+05  1.38727349e-04  1.72801106e+05 
 1.39727349e-04  1.97044723e+05  1.39727349e-04  1.72801106e+05 
 1.40727349e-04  1.97044723e+05  1.40727349e-04  1.72801106e+05 
 1.41727349e-04  1.97044723e+05  1.41727349e-04  1.72801106e+05 
 1.42727349e-04  1.97044723e+05  1.42727349e-04  1.72801106e+05 
 1.43727349e-04  1.97044723e+05  1.43727349e-04  1.72801106e+05 
 1.44727349e-04  1.97044723e+05  1.44727349e-04  1.72801106e+05 
 1.45727349e-04  1.97044723e+05  1.45727349e-04  1.72801106e+05 
 1.46727349e-04  1.97044723e+05  1.46727349e-04  1.72801106e+05 
 1.47727349e-04  1.97044723e+05  1.47727349e-04  1.72801106e+05 
 1.48727349e-04  1.97044723e+05  1.48727349e-04  1.72801106e+05 
 1.49727349e-04  1.97044723e+05  1.49727349e-04  1.72801106e+05 
 1.50727349e-04  1.97044723e+05  1.50727349e-04  1.72801106e+05 
 1.51727349e-04  1.97044723e+05  1.51727349e-04  1.72801106e+05 
 1.52727349e-04  1.97044723e+05  1.52727349e-04  1.72801106e+05 
 1.53727349e-04  1.97044723e+05  1.53727349e-04  1.72801106e+05 
 1.54727349e-04  1.97044723e+05  1.54727349e-04  1.72801106e+05 
 1.55727349e-04  1.97044723e+05  1.55727349e-04  1.72801106e+05 
 1.56727349e-04  1.97044723e+05  1.56727349e-04  1.72801106e+05 
 1.57727349e-04  1.97044723e+05  1.57727349e-04  1.72801106e+05 
 1.58727349e-04  1.97044723e+05  1.58727349e-04  1.72801106e+05 
 1.59727349e-04  1.97044723e+05  1.59727349e-04  1.72801106e+05 
 1.60727349e-04  1.97044723e+05  1.60727349e-04  1.72801106e+05 
 1.61727349e-04  1.97044723e+05  1.61727349e-04  1.72801106e+05 
 1.62727349e-04  1.97044723e+05  1.62727349e-04  1.72801106e+05 
 1.63727349e-04  1.97044723e+05  1.63727349e-04  1.72801106e+05 
 1.64727349e-04  1.97044723e+05  1.64727349e-04  1.72801106e+05 
 1.65727349e-04  1.97044723e+05  1.65727349e-04  1.72801106e+05 
 1.66727349e-04  1.97044723e+05  1.66727349e-04  1.72801106e+05 
 1.67727349e-04  1.97044723e+05  1.67727349e-04  1.72801106e+05 
 1.68727349e-04  1.97044723e+05  1.68727349e-04  1.72801106e+05 
 1.69727349e-04  1.97044723e+05  1.69727349e-04  1.72801106e+05 
 1.70727349e-04  1.97044723e+05  1.70727349e-04  1.72801106e+05 
 1.71727349e-04  1.97044723e+05  1.71727349e-04  1.72801106e+05 
 1.72727349e-04  1.97044723e+05  1.72727349e-04  1.72801106e+05 
 1.73727349e-04  1.97044723e+05  1.73727349e-04  1.72801106e+05 
 1.74727349e-04  1.97044723e+05  1.74727349e-04  1.72801106e+05 
 1.75727349e-04  1.97044723e+05  1.75727349e-04  1.72801106e+05 
 1.76727349e-04  1.97044723e+05  1.76727349e-04  1.72801106e+05 
 1.77727349e-04  1.97044723e+05  1.77727349e-04  1.72801106e+05 
 1.78727349e-04  1.97044723e+05  1.78727349e-04  1.72801106e+05 
 1.79727349e-04  1.97044723e+05  1.79727349e-04  1.72801106e+05 
 1.80727349e-04  1.97044723e+05  1.80727349e-04  1.72801106e+05 
 1.81727349e-04  1.97044723e+05  1.81727349e-04  1.72801106e+05 
 1.82727349e-04  1.97044723e+05  1.82727349e-04  1.72801106e+05 
 1.83727349e-04  1.97044723e+05  1.83727349e-04  1.72801106e+05 
 1.84727349e-04  1.97044723e+05  1.84727349e-04  1.72801106e+05 
 1.85727349e-04  1.97044723e+05  1.85727349e-04  1.72801106e+05 
 1.86727349e-04  1.97044723e+05  1.86727349e-04  1.72801106e+05 
 1.87727349e-04  1.97044723e+05  1.87727349e-04  1.72801106e+05 
 1.88727349e-04  1.97044723e+05  1.88727349e-04  1.72801106e+05 
 1.89727349e-04  1.97044723e+05  1.89727349e-04  1.72801106e+05 
 1.90727349e-04  1.97044723e+05  1.90727349e-04  1.72801106e+05 
 1.91727349e-04  1.97044723e+05  1.91727349e-04  1.72801106e+05 
 1.92727349e-04  1.97044723e+05  1.92727349e-04  1.72801106e+05 
 1.93727349e-04  1.97044723e+05  1.93727349e-04  1.72801106e+05 
 1.94727349e-04  1.97044723e+05  1.94727349e-04  1.72801106e+05 
 1.95727349e-04  1.97044723e+05  1.95727349e-04  1.72801106e+05 
 1.96727349e-04  1.97044723e+05  1.96727349e-04  1.72801106e+05 
 1.97727349e-04  1.97044723e+05  1.97727349e-04  1.72801106e+05 
 1.98727349e-04  1.97044723e+05  1.98727349e-04  1.72801106e+05 
 1.99727349e-04  1.97044723e+05  1.99727349e-04  1.72801106e+05 
 2.00727349e-04  1.97044723e+05  2.00727349e-04  1.72801106e+05 
 2.01000001e-04  1.97044723e+05  2.01000001e-04  1.72801106e+05 
 2.01000001e-04  1.97044723e+05  2.01000001e-04  1.72801106e+05 
 2.01000001e-04  1.97044723e+05  2.01000001e-04  1.72801106e+05 
 2.01000002e-04  1.97044723e+05  2.01000002e-04  1.72801106e+05 
 2.01000002e-04  1.97044723e+05  2.01000002e-04  1.72801106e+05 
 2.01000002e-04  1.97044723e+05  2.01000002e-04  1.72801106e+05 
 2.01000002e-04  1.97044723e+05  2.01000002e-04  1.72801106e+05 
 2.01000003e-04  1.97044723e+05  2.01000003e-04  1.72801106e+05 
 2.01000003e-04  1.97044723e+05  2.01000003e-04  1.72801106e+05 
 2.01000004e-04  1.97044723e+05  2.01000004e-04  1.72801106e+05 
 2.01000007e-04  1.97044723e+05  2.01000007e-04  1.72801106e+05 
 2.01000012e-04  1.97044723e+05  2.01000012e-04  1.72801106e+05 
 2.01000022e-04  1.97044723e+05  2.01000022e-04  1.72801106e+05 
 2.01000043e-04  1.97044723e+05  2.01000043e-04  1.72801106e+05 
 2.01000084e-04  1.97044723e+05  2.01000084e-04  1.72801106e+05 
 2.01000166e-04  1.97044723e+05  2.01000166e-04  1.72801106e+05 
 2.01000330e-04  1.97044723e+05  2.01000330e-04  1.72801106e+05 
 2.01000657e-04  1.97044723e+05  2.01000657e-04  1.72801106e+05 
 2.01001313e-04  1.97044723e+05  2.01001313e-04  1.72801106e+05 
 2.01002623e-04  1.97044723e+05  2.01002623e-04  1.72801106e+05 
 2.01005245e-04  1.97044723e+05  2.01005245e-04  1.72801106e+05 
 2.01010488e-04  1.97044723e+05  2.01010488e-04  1.72801106e+05 
 2.01020973e-04  1.97044723e+05  2.01020973e-04  1.72801106e+05 
 2.01041945e-04  1.97044723e+05  2.01041945e-04  1.72801106e+05 
 2.01083888e-04  1.97044723e+05  2.01083888e-04  1.72801106e+05 
 2.01155021e-04  1.97044723e+05  2.01155021e-04  1.72801106e+05 
 2.01270005e-04  1.97044723e+05  2.01270005e-04  1.72801106e+05 
 2.01476138e-04  1.97044723e+05  2.01476138e-04  1.72801106e+05 
 2.01888403e-04  1.97044723e+05  2.01888403e-04  1.72801106e+05 
 2.02712934e-04  1.97044723e+05  2.02712934e-04  1.72801106e+05 
 2.02837934e-04  1.97044723e+05  2.02837934e-04  1.72801106e+05 
 2.03087934e-04  1.97044723e+05  2.03087934e-04  1.72801106e+05 
 2.03441799e-04  1.97044723e+05  2.03441799e-04  1.72801106e+05 
 2.03791552e-04  1.97044723e+05  2.03791552e-04  1.72801106e+05 
 2.04244960e-04  1.97044723e+05  2.04244960e-04  1.72801106e+05 
 2.04797853e-04  1.97044723e+05  2.04797853e-04  1.72801106e+05 
 2.05372755e-04  1.97044723e+05  2.05372755e-04  1.72801106e+05 
 2.06372755e-04  1.97044723e+05  2.06372755e-04  1.72801106e+05 
 2.07372755e-04  1.97044723e+05  2.07372755e-04  1.72801106e+05 
 2.08372755e-04  1.97044723e+05  2.08372755e-04  1.72801106e+05 
 2.09372755e-04  1.97044723e+05  2.09372755e-04  1.72801106e+05 
 2.10372755e-04  1.97044723e+05  2.10372755e-04  1.72801106e+05 
 2.11372755e-04  1.97044723e+05  2.11372755e-04  1.72801106e+05 
 2.12372755e-04  1.97044723e+05  2.12372755e-04  1.72801106e+05 
 2.13372755e-04  1.97044723e+05  2.13372755e-04  1.72801106e+05 
 2.14372755e-04  1.97044723e+05  2.14372755e-04  1.72801106e+05 
 2.15372755e-04  1.97044723e+05  2.15372755e-04  1.72801106e+05 
 2.16372755e-04  1.97044723e+05  2.16372755e-04  1.72801106e+05 
 2.17372755e-04  1.97044723e+05  2.17372755e-04  1.72801106e+05 
 2.18372755e-04  1.97044723e+05  2.18372755e-04  1.72801106e+05 
 2.19372755e-04  1.97044723e+05  2.19372755e-04  1.72801106e+05 
 2.20372755e-04  1.97044723e+05  2.20372755e-04  1.72801106e+05 
 2.21372755e-04  1.97044723e+05  2.21372755e-04  1.72801106e+05 
 2.22372755e-04  1.97044723e+05  2.22372755e-04  1.72801106e+05 
 2.23372755e-04  1.97044723e+05  2.23372755e-04  1.72801106e+05 
 2.24372755e-04  1.97044723e+05  2.24372755e-04  1.72801106e+05 
 2.25372755e-04  1.97044723e+05  2.25372755e-04  1.72801106e+05 
 2.26372755e-04  1.97044723e+05  2.26372755e-04  1.72801106e+05 
 2.27372755e-04  1.97044723e+05  2.27372755e-04  1.72801106e+05 
 2.28372755e-04  1.97044723e+05  2.28372755e-04  1.72801106e+05 
 2.29372755e-04  1.97044723e+05  2.29372755e-04  1.72801106e+05 
 2.30372755e-04  1.97044723e+05  2.30372755e-04  1.72801106e+05 
 2.31372755e-04  1.97044723e+05  2.31372755e-04  1.72801106e+05 
 2.32372755e-04  1.97044723e+05  2.32372755e-04  1.72801106e+05 
 2.33372755e-04  1.97044723e+05  2.33372755e-04  1.72801106e+05 
 2.34372755e-04  1.97044723e+05  2.34372755e-04  1.72801106e+05 
 2.35372755e-04  1.97044723e+05  2.35372755e-04  1.72801106e+05 
 2.36372755e-04  1.97044723e+05  2.36372755e-04  1.72801106e+05 
 2.37372755e-04  1.97044723e+05  2.37372755e-04  1.72801106e+05 
 2.38372755e-04  1.97044723e+05  2.38372755e-04  1.72801106e+05 
 2.39372755e-04  1.97044723e+05  2.39372755e-04  1.72801106e+05 
 2.40372755e-04  1.97044723e+05  2.40372755e-04  1.72801106e+05 
 2.41372755e-04  1.97044723e+05  2.41372755e-04  1.72801106e+05 
 2.42372755e-04  1.97044723e+05  2.42372755e-04  1.72801106e+05 
 2.43372755e-04  1.97044723e+05  2.43372755e-04  1.72801106e+05 
 2.44372755e-04  1.97044723e+05  2.44372755e-04  1.72801106e+05 
 2.45372755e-04  1.97044723e+05  2.45372755e-04  1.72801106e+05 
 2.46372755e-04  1.97044723e+05  2.46372755e-04  1.72801106e+05 
 2.47372755e-04  1.97044723e+05  2.47372755e-04  1.72801106e+05 
 2.48372755e-04  1.97044723e+05  2.48372755e-04  1.72801106e+05 
 2.49372755e-04  1.97044723e+05  2.49372755e-04  1.72801106e+05 
 2.50372755e-04  1.97044723e+05  2.50372755e-04  1.72801106e+05 
 2.51372755e-04  1.97044723e+05  2.51372755e-04  1.72801106e+05 
 2.52372755e-04  1.97044723e+05  2.52372755e-04  1.72801106e+05 
 2.53372755e-04  1.97044723e+05  2.53372755e-04  1.72801106e+05 
 2.54372755e-04  1.97044723e+05  2.54372755e-04  1.72801106e+05 
 2.55372755e-04  1.97044723e+05  2.55372755e-04  1.72801106e+05 
 2.56372755e-04  1.97044723e+05  2.56372755e-04  1.72801106e+05 
 2.57372755e-04  1.97044723e+05  2.57372755e-04  1.72801106e+05 
 2.58372755e-04  1.97044723e+05  2.58372755e-04  1.72801106e+05 
 2.59372755e-04  1.97044723e+05  2.59372755e-04  1.72801106e+05 
 2.60372755e-04  1.97044723e+05  2.60372755e-04  1.72801106e+05 
 2.61372755e-04  1.97044723e+05  2.61372755e-04  1.72801106e+05 
 2.62372755e-04  1.97044723e+05  2.62372755e-04  1.72801106e+05 
 2.63372755e-04  1.97044723e+05  2.63372755e-04  1.72801106e+05 
 2.64372755e-04  1.97044723e+05  2.64372755e-04  1.72801106e+05 
 2.65372755e-04  1.97044723e+05  2.65372755e-04  1.72801106e+05 
 2.66372755e-04  1.97044723e+05  2.66372755e-04  1.72801106e+05 
 2.67372755e-04  1.97044723e+05  2.67372755e-04  1.72801106e+05 
 2.68372755e-04  1.97044723e+05  2.68372755e-04  1.72801106e+05 
 2.69372755e-04  1.97044723e+05  2.69372755e-04  1.72801106e+05 
 2.70372755e-04  1.97044723e+05  2.70372755e-04  1.72801106e+05 
 2.71372755e-04  1.97044723e+05  2.71372755e-04  1.72801106e+05 
 2.72372755e-04  1.97044723e+05  2.72372755e-04  1.72801106e+05 
 2.73372755e-04  1.97044723e+05  2.73372755e-04  1.72801106e+05 
 2.74372755e-04  1.97044723e+05  2.74372755e-04  1.72801106e+05 
 2.75372755e-04  1.97044723e+05  2.75372755e-04  1.72801106e+05 
 2.76372755e-04  1.97044723e+05  2.76372755e-04  1.72801106e+05 
 2.77372755e-04  1.97044723e+05  2.77372755e-04  1.72801106e+05 
 2.78372755e-04  1.97044723e+05  2.78372755e-04  1.72801106e+05 
 2.79372755e-04  1.97044723e+05  2.79372755e-04  1.72801106e+05 
 2.80372755e-04  1.97044723e+05  2.80372755e-04  1.72801106e+05 
 2.81372755e-04  1.97044723e+05  2.81372755e-04  1.72801106e+05 
 2.82372755e-04  1.97044723e+05  2.82372755e-04  1.72801106e+05 
 2.83372755e-04  1.97044723e+05  2.83372755e-04  1.72801106e+05 
 2.84372755e-04  1.97044723e+05  2.84372755e-04  1.72801106e+05 
 2.85372755e-04  1.97044723e+05  2.85372755e-04  1.72801106e+05 
 2.86372755e-04  1.97044723e+05  2.86372755e-04  1.72801106e+05 
 2.87372755e-04  1.97044723e+05  2.87372755e-04  1.72801106e+05 
 2.88372755e-04  1.97044723e+05  2.88372755e-04  1.72801106e+05 
 2.89372755e-04  1.97044723e+05  2.89372755e-04  1.72801106e+05 
 2.90372755e-04  1.97044723e+05  2.90372755e-04  1.72801106e+05 
 2.91372755e-04  1.97044723e+05  2.91372755e-04  1.72801106e+05 
 2.92372755e-04  1.97044723e+05  2.92372755e-04  1.72801106e+05 
 2.93372755e-04  1.97044723e+05  2.93372755e-04  1.72801106e+05 
 2.94372755e-04  1.97044723e+05  2.94372755e-04  1.72801106e+05 
 2.95372755e-04  1.97044723e+05  2.95372755e-04  1.72801106e+05 
 2.96372755e-04  1.97044723e+05  2.96372755e-04  1.72801106e+05 
 2.97372755e-04  1.97044723e+05  2.97372755e-04  1.72801106e+05 
 2.98372755e-04  1.97044723e+05  2.98372755e-04  1.72801106e+05 
 2.99372755e-04  1.97044723e+05  2.99372755e-04  1.72801106e+05 
 3.00372755e-04  1.97044723e+05  3.00372755e-04  1.72801106e+05 
 3.01372755e-04  1.97044723e+05  3.01372755e-04  1.72801106e+05 
 3.02372755e-04  1.97044723e+05  3.02372755e-04  1.72801106e+05 
 3.03372755e-04  1.97044723e+05  3.03372755e-04  1.72801106e+05 
 3.04372755e-04  1.97044723e+05  3.04372755e-04  1.72801106e+05 
 3.05372755e-04  1.97044723e+05  3.05372755e-04  1.72801106e+05 
 3.06372755e-04  1.97044723e+05  3.06372755e-04  1.72801106e+05 
 3.07372755e-04  1.97044723e+05  3.07372755e-04  1.72801106e+05 
 3.08372755e-04  1.97044723e+05  3.08372755e-04  1.72801106e+05 
 3.09372755e-04  1.97044723e+05  3.09372755e-04  1.72801106e+05 
 3.10372755e-04  1.97044723e+05  3.10372755e-04  1.72801106e+05 
 3.11372755e-04  1.97044723e+05  3.11372755e-04  1.72801106e+05 
 3.12372755e-04  1.97044723e+05  3.12372755e-04  1.72801106e+05 
 3.13372755e-04  1.97044723e+05  3.13372755e-04  1.72801106e+05 
 3.14372755e-04  1.97044723e+05  3.14372755e-04  1.72801106e+05 
 3.15372755e-04  1.97044723e+05  3.15372755e-04  1.72801106e+05 
 3.16372755e-04  1.97044723e+05  3.16372755e-04  1.72801106e+05 
 3.17372755e-04  1.97044723e+05  3.17372755e-04  1.72801106e+05 
 3.18372755e-04  1.97044723e+05  3.18372755e-04  1.72801106e+05 
 3.19372755e-04  1.97044723e+05  3.19372755e-04  1.72801106e+05 
 3.20372755e-04  1.97044723e+05  3.20372755e-04  1.72801106e+05 
 3.21372755e-04  1.97044723e+05  3.21372755e-04  1.72801106e+05 
 3.22372755e-04  1.97044723e+05  3.22372755e-04  1.72801106e+05 
 3.23372755e-04  1.97044723e+05  3.23372755e-04  1.72801106e+05 
 3.24372755e-04  1.97044723e+05  3.24372755e-04  1.72801106e+05 
 3.25372755e-04  1.97044723e+05  3.25372755e-04  1.72801106e+05 
 3.26372755e-04  1.97044723e+05  3.26372755e-04  1.72801106e+05 
 3.27372755e-04  1.97044723e+05  3.27372755e-04  1.72801106e+05 
 3.28372755e-04  1.97044723e+05  3.28372755e-04  1.72801106e+05 
 3.29372755e-04  1.97044723e+05  3.29372755e-04  1.72801106e+05 
 3.30372755e-04  1.97044723e+05  3.30372755e-04  1.72801106e+05 
 3.31372755e-04  1.97044723e+05  3.31372755e-04  1.72801106e+05 
 3.32372755e-04  1.97044723e+05  3.32372755e-04  1.72801106e+05 
 3.33372755e-04  1.97044723e+05  3.33372755e-04  1.72801106e+05 
 3.34372755e-04  1.97044723e+05  3.34372755e-04  1.72801106e+05 
 3.35372755e-04  1.97044723e+05  3.35372755e-04  1.72801106e+05 
 3.36372755e-04  1.97044723e+05  3.36372755e-04  1.72801106e+05 
 3.37372755e-04  1.97044723e+05  3.37372755e-04  1.72801106e+05 
 3.38372755e-04  1.97044723e+05  3.38372755e-04  1.72801106e+05 
 3.39372755e-04  1.97044723e+05  3.39372755e-04  1.72801106e+05 
 3.40372755e-04  1.97044723e+05  3.40372755e-04  1.72801106e+05 
 3.41372755e-04  1.97044723e+05  3.41372755e-04  1.72801106e+05 
 3.42372755e-04  1.97044723e+05  3.42372755e-04  1.72801106e+05 
 3.43372755e-04  1.97044723e+05  3.43372755e-04  1.72801106e+05 
 3.44372755e-04  1.97044723e+05  3.44372755e-04  1.72801106e+05 
 3.45372755e-04  1.97044723e+05  3.45372755e-04  1.72801106e+05 
 3.46372755e-04  1.97044723e+05  3.46372755e-04  1.72801106e+05 
 3.47372755e-04  1.97044723e+05  3.47372755e-04  1.72801106e+05 
 3.48372755e-04  1.97044723e+05  3.48372755e-04  1.72801106e+05 
 3.49372755e-04  1.97044723e+05  3.49372755e-04  1.72801106e+05 
 3.50372755e-04  1.97044723e+05  3.50372755e-04  1.72801106e+05 
 3.51372755e-04  1.97044723e+05  3.51372755e-04  1.72801106e+05 
 3.52372755e-04  1.97044723e+05  3.52372755e-04  1.72801106e+05 
 3.53372755e-04  1.97044723e+05  3.53372755e-04  1.72801106e+05 
 3.54372755e-04  1.97044723e+05  3.54372755e-04  1.72801106e+05 
 3.55372755e-04  1.97044723e+05  3.55372755e-04  1.72801106e+05 
 3.56372755e-04  1.97044723e+05  3.56372755e-04  1.72801106e+05 
 3.57372755e-04  1.97044723e+05  3.57372755e-04  1.72801106e+05 
 3.58372755e-04  1.97044723e+05  3.58372755e-04  1.72801106e+05 
 3.59372755e-04  1.97044723e+05  3.59372755e-04  1.72801106e+05 
 3.60372755e-04  1.97044723e+05  3.60372755e-04  1.72801106e+05 
 3.61372755e-04  1.97044723e+05  3.61372755e-04  1.72801106e+05 
 3.62372755e-04  1.97044723e+05  3.62372755e-04  1.72801106e+05 
 3.63372755e-04  1.97044723e+05  3.63372755e-04  1.72801106e+05 
 3.64372755e-04  1.97044723e+05  3.64372755e-04  1.72801106e+05 
 3.65372755e-04  1.97044723e+05  3.65372755e-04  1.72801106e+05 
 3.66372755e-04  1.97044723e+05  3.66372755e-04  1.72801106e+05 
 3.67372755e-04  1.97044723e+05  3.67372755e-04  1.72801106e+05 
 3.68372755e-04  1.97044723e+05  3.68372755e-04  1.72801106e+05 
 3.69372755e-04  1.97044723e+05  3.69372755e-04  1.72801106e+05 
 3.70372755e-04  1.97044723e+05  3.70372755e-04  1.72801106e+05 
 3.71372755e-04  1.97044723e+05  3.71372755e-04  1.72801106e+05 
 3.72372755e-04  1.97044723e+05  3.72372755e-04  1.72801106e+05 
 3.73372755e-04  1.97044723e+05  3.73372755e-04  1.72801106e+05 
 3.74372755e-04  1.97044723e+05  3.74372755e-04  1.72801106e+05 
 3.75372755e-04  1.97044723e+05  3.75372755e-04  1.72801106e+05 
 3.76372755e-04  1.97044723e+05  3.76372755e-04  1.72801106e+05 
 3.77372755e-04  1.97044723e+05  3.77372755e-04  1.72801106e+05 
 3.78372755e-04  1.97044723e+05  3.78372755e-04  1.72801106e+05 
 3.79372755e-04  1.97044723e+05  3.79372755e-04  1.72801106e+05 
 3.80372755e-04  1.97044723e+05  3.80372755e-04  1.72801106e+05 
 3.81372755e-04  1.97044723e+05  3.81372755e-04  1.72801106e+05 
 3.82372755e-04  1.97044723e+05  3.82372755e-04  1.72801106e+05 
 3.83372755e-04  1.97044723e+05  3.83372755e-04  1.72801106e+05 
 3.84372755e-04  1.97044723e+05  3.84372755e-04  1.72801106e+05 
 3.85372755e-04  1.97044723e+05  3.85372755e-04  1.72801106e+05 
 3.86372755e-04  1.97044723e+05  3.86372755e-04  1.72801106e+05 
 3.87372755e-04  1.97044723e+05  3.87372755e-04  1.72801106e+05 
 3.88372755e-04  1.97044723e+05  3.88372755e-04  1.72801106e+05 
 3.89372755e-04  1.97044723e+05  3.89372755e-04  1.72801106e+05 
 3.90372755e-04  1.97044723e+05  3.90372755e-04  1.72801106e+05 
 3.91372755e-04  1.97044723e+05  3.91372755e-04  1.72801106e+05 
 3.92372755e-04  1.97044723e+05  3.92372755e-04  1.72801106e+05 
 3.93372755e-04  1.97044723e+05  3.93372755e-04  1.72801106e+05 
 3.94372755e-04  1.97044723e+05  3.94372755e-04  1.72801106e+05 
 3.95372755e-04  1.97044723e+05  3.95372755e-04  1.72801106e+05 
 3.96372755e-04  1.97044723e+05  3.96372755e-04  1.72801106e+05 
 3.97372755e-04  1.97044723e+05  3.97372755e-04  1.72801106e+05 
 3.98372755e-04  1.97044723e+05  3.98372755e-04  1.72801106e+05 
 3.99372755e-04  1.97044723e+05  3.99372755e-04  1.72801106e+05 
 4.00372755e-04  1.97044723e+05  4.00372755e-04  1.72801106e+05 
 4.01000000e-04  1.97044723e+05  4.01000000e-04  1.72801106e+05 
