Title: test opamp tran
Date: Mon May  5 16:25:41  2025
Command: ngspice-44.2, Build 
Plotname: Transient Analysis
Flags: real
No. Variables: 3
No. Points: 474
Variables:
	0	time	time
	1	v(vout3)	voltage
	2	v(visr)	voltage
Values:
 0	0.000000000000000e+00
	2.999342254990263e-01
	3.000000000000000e-01

 1	1.000000000000000e-08
	2.999342254260477e-01
	3.000000000000000e-01

 2	2.000000000000000e-08
	2.999342253979764e-01
	3.000000000000000e-01

 3	4.000000000000000e-08
	2.999342253766834e-01
	3.000000000000000e-01

 4	8.000000000000000e-08
	2.999342253986859e-01
	3.000000000000000e-01

 5	1.600000000000000e-07
	2.999342257112576e-01
	3.000000000000000e-01

 6	3.200000000000000e-07
	2.999342255996680e-01
	3.000000000000000e-01

 7	6.400000000000000e-07
	2.999342251320918e-01
	3.000000000000000e-01

 8	1.000000000000000e-06
	2.999342257469018e-01
	3.000000000000000e-01

 9	1.000000100000000e-06
	3.005048285390560e-01
	3.199999999878466e-01

 10	1.000000300000000e-06
	3.015405169418887e-01
	3.600000000058914e-01

 11	1.000000700000000e-06
	3.035279324440849e-01
	4.399999999996294e-01

 12	1.000001000000000e-06
	3.049851413719970e-01
	5.000000000000000e-01

 13	1.000001080000000e-06
	3.049457862121248e-01
	5.000000000000000e-01

 14	1.000001240000000e-06
	3.049483527885737e-01
	5.000000000000000e-01

 15	1.000001560000000e-06
	3.049756652493687e-01
	5.000000000000000e-01

 16	1.000002200000000e-06
	3.049726610721811e-01
	5.000000000000000e-01

 17	1.000003480000000e-06
	3.049758830481141e-01
	5.000000000000000e-01

 18	1.000006040000000e-06
	3.049633346468703e-01
	5.000000000000000e-01

 19	1.000011160000000e-06
	3.049646949921372e-01
	5.000000000000000e-01

 20	1.000021400000001e-06
	3.049421126435618e-01
	5.000000000000000e-01

 21	1.000041880000001e-06
	3.049222348759726e-01
	5.000000000000000e-01

 22	1.000082840000002e-06
	3.048581384256334e-01
	5.000000000000000e-01

 23	1.000164760000004e-06
	3.047574151073594e-01
	5.000000000000000e-01

 24	1.000328600000009e-06
	3.045408340099262e-01
	5.000000000000000e-01

 25	1.000656280000018e-06
	3.041685387979861e-01
	5.000000000000000e-01

 26	1.001311640000036e-06
	3.035216253540861e-01
	5.000000000000000e-01

 27	1.002622360000072e-06
	3.026143716406532e-01
	5.000000000000000e-01

 28	1.005243800000145e-06
	3.015922613536418e-01
	5.000000000000000e-01

 29	1.010486680000290e-06
	3.006784713050997e-01
	5.000000000000000e-01

 30	1.020972440000579e-06
	2.993792368582620e-01
	5.000000000000000e-01

 31	1.041943960001158e-06
	2.984786794034998e-01
	5.000000000000000e-01

 32	1.083887000002316e-06
	3.047099668561792e-01
	5.000000000000000e-01

 33	1.161281253438496e-06
	3.236353340450898e-01
	5.000000000000000e-01

 34	1.269529595165515e-06
	3.466530943402327e-01
	5.000000000000000e-01

 35	1.486026278619553e-06
	3.958042123492328e-01
	5.000000000000000e-01

 36	1.919019645527629e-06
	4.804098688060788e-01
	5.000000000000000e-01

 37	2.027267987254648e-06
	4.950750919302488e-01
	5.000000000000000e-01

 38	2.243764670708686e-06
	5.180728559102526e-01
	5.000000000000000e-01

 39	2.504182147640149e-06
	5.226562202874693e-01
	5.000000000000000e-01

 40	2.745440217147298e-06
	5.103772595497987e-01
	5.000000000000000e-01

 41	3.056810692174274e-06
	5.006265223350116e-01
	5.000000000000000e-01

 42	3.378889727712104e-06
	4.969939309847238e-01
	5.000000000000000e-01

 43	3.994751838361750e-06
	4.989134512027219e-01
	5.000000000000000e-01

 44	4.727348518742780e-06
	5.008470645112082e-01
	5.000000000000000e-01

 45	5.727348518742780e-06
	4.996307599224240e-01
	5.000000000000000e-01

 46	6.727348518742779e-06
	4.999318722293403e-01
	5.000000000000000e-01

 47	7.727348518742780e-06
	4.999557183492704e-01
	5.000000000000000e-01

 48	8.727348518742780e-06
	4.999856944625178e-01
	5.000000000000000e-01

 49	9.727348518742781e-06
	4.998167724741288e-01
	5.000000000000000e-01

 50	1.072734851874278e-05
	5.000757116596921e-01
	5.000000000000000e-01

 51	1.172734851874278e-05
	4.997906759101478e-01
	5.000000000000000e-01

 52	1.272734851874278e-05
	5.000605154906519e-01
	5.000000000000000e-01

 53	1.372734851874278e-05
	4.998058608864434e-01
	5.000000000000000e-01

 54	1.472734851874278e-05
	5.000557734158497e-01
	5.000000000000000e-01

 55	1.572734851874278e-05
	4.998038886617066e-01
	5.000000000000000e-01

 56	1.672734851874278e-05
	5.000593020216302e-01
	5.000000000000000e-01

 57	1.772734851874278e-05
	4.998026881636434e-01
	5.000000000000000e-01

 58	1.872734851874278e-05
	5.000591150119800e-01
	5.000000000000000e-01

 59	1.972734851874279e-05
	4.998043381216323e-01
	5.000000000000000e-01

 60	2.072734851874279e-05
	5.000572885946483e-01
	5.000000000000000e-01

 61	2.172734851874279e-05
	4.998067022315749e-01
	5.000000000000000e-01

 62	2.272734851874279e-05
	5.000549035072626e-01
	5.000000000000000e-01

 63	2.372734851874279e-05
	4.998095692896780e-01
	5.000000000000000e-01

 64	2.472734851874279e-05
	5.000519432743081e-01
	5.000000000000000e-01

 65	2.572734851874279e-05
	4.998129207867690e-01
	5.000000000000000e-01

 66	2.672734851874279e-05
	5.000485394953214e-01
	5.000000000000000e-01

 67	2.772734851874279e-05
	4.998166021582095e-01
	5.000000000000000e-01

 68	2.872734851874279e-05
	5.000448476586696e-01
	5.000000000000000e-01

 69	2.972734851874279e-05
	4.998204948278762e-01
	5.000000000000000e-01

 70	3.072734851874279e-05
	5.000409715924823e-01
	5.000000000000000e-01

 71	3.172734851874279e-05
	4.998245175773433e-01
	5.000000000000000e-01

 72	3.272734851874278e-05
	5.000369883681780e-01
	5.000000000000000e-01

 73	3.372734851874278e-05
	4.998286044648789e-01
	5.000000000000000e-01

 74	3.472734851874278e-05
	5.000329589135368e-01
	5.000000000000000e-01

 75	3.572734851874277e-05
	4.998327050171191e-01
	5.000000000000000e-01

 76	3.672734851874277e-05
	5.000289321716354e-01
	5.000000000000000e-01

 77	3.772734851874277e-05
	4.998367763749337e-01
	5.000000000000000e-01

 78	3.872734851874277e-05
	5.000249460384556e-01
	5.000000000000000e-01

 79	3.972734851874276e-05
	4.998407884646675e-01
	5.000000000000000e-01

 80	4.072734851874276e-05
	5.000210266283946e-01
	5.000000000000000e-01

 81	4.172734851874276e-05
	4.998447189942291e-01
	5.000000000000000e-01

 82	4.272734851874275e-05
	5.000171952071700e-01
	5.000000000000000e-01

 83	4.372734851874275e-05
	4.998485492397675e-01
	5.000000000000000e-01

 84	4.472734851874275e-05
	5.000134679103870e-01
	5.000000000000000e-01

 85	4.572734851874275e-05
	4.998522669096472e-01
	5.000000000000000e-01

 86	4.672734851874274e-05
	5.000098543113795e-01
	5.000000000000000e-01

 87	4.772734851874274e-05
	4.998558647139373e-01
	5.000000000000000e-01

 88	4.872734851874274e-05
	5.000063619696612e-01
	5.000000000000000e-01

 89	4.972734851874274e-05
	4.998593344980163e-01
	5.000000000000000e-01

 90	5.072734851874273e-05
	5.000029973909478e-01
	5.000000000000000e-01

 91	5.172734851874273e-05
	4.998626735667338e-01
	5.000000000000000e-01

 92	5.272734851874273e-05
	4.999997614976344e-01
	5.000000000000000e-01

 93	5.372734851874272e-05
	4.998658812150901e-01
	5.000000000000000e-01

 94	5.472734851874272e-05
	4.999966546425727e-01
	5.000000000000000e-01

 95	5.572734851874272e-05
	4.998689582733848e-01
	5.000000000000000e-01

 96	5.672734851874272e-05
	4.999936759534581e-01
	5.000000000000000e-01

 97	5.772734851874271e-05
	4.998719052151404e-01
	5.000000000000000e-01

 98	5.872734851874271e-05
	4.999908245934253e-01
	5.000000000000000e-01

 99	5.972734851874271e-05
	4.998747241171799e-01
	5.000000000000000e-01

 100	6.072734851874270e-05
	4.999880975300879e-01
	5.000000000000000e-01

 101	6.172734851874270e-05
	4.998774188682955e-01
	5.000000000000000e-01

 102	6.272734851874270e-05
	4.999854906660070e-01
	5.000000000000000e-01

 103	6.372734851874270e-05
	4.998799932652351e-01
	5.000000000000000e-01

 104	6.472734851874269e-05
	4.999830019156459e-01
	5.000000000000000e-01

 105	6.572734851874269e-05
	4.998824487990241e-01
	5.000000000000000e-01

 106	6.672734851874269e-05
	4.999806271648486e-01
	5.000000000000000e-01

 107	6.772734851874268e-05
	4.998847926577197e-01
	5.000000000000000e-01

 108	6.872734851874268e-05
	4.999783605722358e-01
	5.000000000000000e-01

 109	6.972734851874268e-05
	4.998870274329654e-01
	5.000000000000000e-01

 110	7.072734851874268e-05
	4.999761999038683e-01
	5.000000000000000e-01

 111	7.172734851874267e-05
	4.998891575133481e-01
	5.000000000000000e-01

 112	7.272734851874267e-05
	4.999741399581129e-01
	5.000000000000000e-01

 113	7.372734851874267e-05
	4.998911875489198e-01
	5.000000000000000e-01

 114	7.472734851874267e-05
	4.999721770280645e-01
	5.000000000000000e-01

 115	7.572734851874266e-05
	4.998931213949368e-01
	5.000000000000000e-01

 116	7.672734851874266e-05
	4.999703068839095e-01
	5.000000000000000e-01

 117	7.772734851874266e-05
	4.998949633821471e-01
	5.000000000000000e-01

 118	7.872734851874265e-05
	4.999685246867559e-01
	5.000000000000000e-01

 119	7.972734851874265e-05
	4.998967184331060e-01
	5.000000000000000e-01

 120	8.072734851874265e-05
	4.999668274059352e-01
	5.000000000000000e-01

 121	8.172734851874265e-05
	4.998983895129943e-01
	5.000000000000000e-01

 122	8.272734851874264e-05
	4.999652099809050e-01
	5.000000000000000e-01

 123	8.372734851874264e-05
	4.998999818336509e-01
	5.000000000000000e-01

 124	8.472734851874264e-05
	4.999636691614200e-01
	5.000000000000000e-01

 125	8.572734851874263e-05
	4.999014977359152e-01
	5.000000000000000e-01

 126	8.672734851874263e-05
	4.999622023480318e-01
	5.000000000000000e-01

 127	8.772734851874263e-05
	4.999029412527803e-01
	5.000000000000000e-01

 128	8.872734851874263e-05
	4.999608048695229e-01
	5.000000000000000e-01

 129	8.972734851874262e-05
	4.999043159651530e-01
	5.000000000000000e-01

 130	9.072734851874262e-05
	4.999594734139579e-01
	5.000000000000000e-01

 131	9.172734851874262e-05
	4.999056259644670e-01
	5.000000000000000e-01

 132	9.272734851874261e-05
	4.999582051583900e-01
	5.000000000000000e-01

 133	9.372734851874261e-05
	4.999068732544668e-01
	5.000000000000000e-01

 134	9.472734851874261e-05
	4.999569967785045e-01
	5.000000000000000e-01

 135	9.572734851874261e-05
	4.999080614658144e-01
	5.000000000000000e-01

 136	9.672734851874260e-05
	4.999558455622387e-01
	5.000000000000000e-01

 137	9.772734851874260e-05
	4.999091936423937e-01
	5.000000000000000e-01

 138	9.872734851874260e-05
	4.999547486888176e-01
	5.000000000000000e-01

 139	9.972734851874260e-05
	4.999102719992623e-01
	5.000000000000000e-01

 140	1.007273485187426e-04
	4.999537034177552e-01
	5.000000000000000e-01

 141	1.017273485187426e-04
	4.999112992765605e-01
	5.000000000000000e-01

 142	1.027273485187426e-04
	4.999527079066030e-01
	5.000000000000000e-01

 143	1.037273485187426e-04
	4.999122775273594e-01
	5.000000000000000e-01

 144	1.047273485187426e-04
	4.999517594028940e-01
	5.000000000000000e-01

 145	1.057273485187426e-04
	4.999132103576818e-01
	5.000000000000000e-01

 146	1.067273485187426e-04
	4.999508545942757e-01
	5.000000000000000e-01

 147	1.077273485187426e-04
	4.999140990618383e-01
	5.000000000000000e-01

 148	1.087273485187426e-04
	4.999499926690207e-01
	5.000000000000000e-01

 149	1.097273485187426e-04
	4.999149460684912e-01
	5.000000000000000e-01

 150	1.107273485187426e-04
	4.999491708841159e-01
	5.000000000000000e-01

 151	1.117273485187426e-04
	4.999157539692282e-01
	5.000000000000000e-01

 152	1.127273485187426e-04
	4.999483867301814e-01
	5.000000000000000e-01

 153	1.137273485187426e-04
	4.999165240745992e-01
	5.000000000000000e-01

 154	1.147273485187426e-04
	4.999476396212663e-01
	5.000000000000000e-01

 155	1.157273485187426e-04
	4.999172578081337e-01
	5.000000000000000e-01

 156	1.167273485187425e-04
	4.999469275001023e-01
	5.000000000000000e-01

 157	1.177273485187425e-04
	4.999179572051862e-01
	5.000000000000000e-01

 158	1.187273485187425e-04
	4.999462485789196e-01
	5.000000000000000e-01

 159	1.197273485187425e-04
	4.999186238931365e-01
	5.000000000000000e-01

 160	1.207273485187425e-04
	4.999456008767871e-01
	5.000000000000000e-01

 161	1.217273485187425e-04
	4.999192605468421e-01
	5.000000000000000e-01

 162	1.227273485187425e-04
	4.999449826675202e-01
	5.000000000000000e-01

 163	1.237273485187425e-04
	4.999198672662178e-01
	5.000000000000000e-01

 164	1.247273485187425e-04
	4.999443936758026e-01
	5.000000000000000e-01

 165	1.257273485187425e-04
	4.999204450934454e-01
	5.000000000000000e-01

 166	1.267273485187425e-04
	4.999438321863053e-01
	5.000000000000000e-01

 167	1.277273485187425e-04
	4.999209968805525e-01
	5.000000000000000e-01

 168	1.287273485187425e-04
	4.999432959079846e-01
	5.000000000000000e-01

 169	1.297273485187425e-04
	4.999215233581943e-01
	5.000000000000000e-01

 170	1.307273485187425e-04
	4.999427842698901e-01
	5.000000000000000e-01

 171	1.317273485187425e-04
	4.999220251527385e-01
	5.000000000000000e-01

 172	1.327273485187425e-04
	4.999422969994020e-01
	5.000000000000000e-01

 173	1.337273485187425e-04
	4.999225037757184e-01
	5.000000000000000e-01

 174	1.347273485187425e-04
	4.999418311557882e-01
	5.000000000000000e-01

 175	1.357273485187425e-04
	4.999229610317167e-01
	5.000000000000000e-01

 176	1.367273485187425e-04
	4.999413869358701e-01
	5.000000000000000e-01

 177	1.377273485187425e-04
	4.999233965143430e-01
	5.000000000000000e-01

 178	1.387273485187425e-04
	4.999409634478876e-01
	5.000000000000000e-01

 179	1.397273485187425e-04
	4.999238126769611e-01
	5.000000000000000e-01

 180	1.407273485187425e-04
	4.999405586273760e-01
	5.000000000000000e-01

 181	1.417273485187425e-04
	4.999242093234625e-01
	5.000000000000000e-01

 182	1.427273485187425e-04
	4.999401732328438e-01
	5.000000000000000e-01

 183	1.437273485187425e-04
	4.999245875522758e-01
	5.000000000000000e-01

 184	1.447273485187425e-04
	4.999398049399493e-01
	5.000000000000000e-01

 185	1.457273485187425e-04
	4.999249490331627e-01
	5.000000000000000e-01

 186	1.467273485187425e-04
	4.999394535327921e-01
	5.000000000000000e-01

 187	1.477273485187425e-04
	4.999252937310524e-01
	5.000000000000000e-01

 188	1.487273485187425e-04
	4.999391177050030e-01
	5.000000000000000e-01

 189	1.497273485187425e-04
	4.999256231031250e-01
	5.000000000000000e-01

 190	1.507273485187425e-04
	4.999387978520033e-01
	5.000000000000000e-01

 191	1.517273485187424e-04
	4.999259363678870e-01
	5.000000000000000e-01

 192	1.527273485187424e-04
	4.999384929231735e-01
	5.000000000000000e-01

 193	1.537273485187424e-04
	4.999262357522284e-01
	5.000000000000000e-01

 194	1.547273485187424e-04
	4.999382011734556e-01
	5.000000000000000e-01

 195	1.557273485187424e-04
	4.999265221376643e-01
	5.000000000000000e-01

 196	1.567273485187424e-04
	4.999379226688920e-01
	5.000000000000000e-01

 197	1.577273485187424e-04
	4.999267942029388e-01
	5.000000000000000e-01

 198	1.587273485187424e-04
	4.999376582084289e-01
	5.000000000000000e-01

 199	1.597273485187424e-04
	4.999270543708460e-01
	5.000000000000000e-01

 200	1.607273485187424e-04
	4.999374043812010e-01
	5.000000000000000e-01

 201	1.617273485187424e-04
	4.999273030180518e-01
	5.000000000000000e-01

 202	1.627273485187424e-04
	4.999371624266894e-01
	5.000000000000000e-01

 203	1.637273485187424e-04
	4.999275400356681e-01
	5.000000000000000e-01

 204	1.647273485187424e-04
	4.999369318148498e-01
	5.000000000000000e-01

 205	1.657273485187424e-04
	4.999277661500910e-01
	5.000000000000000e-01

 206	1.667273485187424e-04
	4.999367114165553e-01
	5.000000000000000e-01

 207	1.677273485187424e-04
	4.999279823963837e-01
	5.000000000000000e-01

 208	1.687273485187424e-04
	4.999365006299220e-01
	5.000000000000000e-01

 209	1.697273485187424e-04
	4.999281886571453e-01
	5.000000000000000e-01

 210	1.707273485187424e-04
	4.999363005729221e-01
	5.000000000000000e-01

 211	1.717273485187424e-04
	4.999283846450914e-01
	5.000000000000000e-01

 212	1.727273485187424e-04
	4.999361089385645e-01
	5.000000000000000e-01

 213	1.737273485187424e-04
	4.999285725367956e-01
	5.000000000000000e-01

 214	1.747273485187424e-04
	4.999359266100287e-01
	5.000000000000000e-01

 215	1.757273485187424e-04
	4.999287510791840e-01
	5.000000000000000e-01

 216	1.767273485187424e-04
	4.999357515666336e-01
	5.000000000000000e-01

 217	1.777273485187424e-04
	4.999289233371926e-01
	5.000000000000000e-01

 218	1.787273485187424e-04
	4.999355844234877e-01
	5.000000000000000e-01

 219	1.797273485187424e-04
	4.999290860818037e-01
	5.000000000000000e-01

 220	1.807273485187424e-04
	4.999354262411471e-01
	5.000000000000000e-01

 221	1.817273485187424e-04
	4.999292411573264e-01
	5.000000000000000e-01

 222	1.827273485187424e-04
	4.999352748593161e-01
	5.000000000000000e-01

 223	1.837273485187424e-04
	4.999293896896529e-01
	5.000000000000000e-01

 224	1.847273485187424e-04
	4.999351299704077e-01
	5.000000000000000e-01

 225	1.857273485187424e-04
	4.999295316938812e-01
	5.000000000000000e-01

 226	1.867273485187424e-04
	4.999349917608504e-01
	5.000000000000000e-01

 227	1.877273485187423e-04
	4.999296665241540e-01
	5.000000000000000e-01

 228	1.887273485187423e-04
	4.999348608022654e-01
	5.000000000000000e-01

 229	1.897273485187423e-04
	4.999297947288540e-01
	5.000000000000000e-01

 230	1.907273485187423e-04
	4.999347354526219e-01
	5.000000000000000e-01

 231	1.917273485187423e-04
	4.999299182749478e-01
	5.000000000000000e-01

 232	1.927273485187423e-04
	4.999346146217937e-01
	5.000000000000000e-01

 233	1.937273485187423e-04
	4.999300359708493e-01
	5.000000000000000e-01

 234	1.947273485187423e-04
	4.999345008143205e-01
	5.000000000000000e-01

 235	1.957273485187423e-04
	4.999301475197695e-01
	5.000000000000000e-01

 236	1.967273485187423e-04
	4.999343915141393e-01
	5.000000000000000e-01

 237	1.977273485187423e-04
	4.999302542190552e-01
	5.000000000000000e-01

 238	1.987273485187423e-04
	4.999342877585919e-01
	5.000000000000000e-01

 239	1.997273485187423e-04
	4.999303564463532e-01
	5.000000000000000e-01

 240	2.007273485187423e-04
	4.999341878668592e-01
	5.000000000000000e-01

 241	2.010000010000000e-04
	4.999305761916690e-01
	5.000000000000000e-01

 242	2.010000011000000e-04
	4.993910078879489e-01
	4.799999989957139e-01

 243	2.010000013000000e-04
	4.983959205681535e-01
	4.399999969871417e-01

 244	2.010000017000000e-04
	4.964547126554734e-01
	3.599999983910080e-01

 245	2.010000020000000e-04
	4.950136754867898e-01
	3.000000000000000e-01

 246	2.010000020800000e-04
	4.950735781564723e-01
	3.000000000000000e-01

 247	2.010000022400000e-04
	4.950997625953700e-01
	3.000000000000000e-01

 248	2.010000025600000e-04
	4.950968621719183e-01
	3.000000000000000e-01

 249	2.010000032000000e-04
	4.951087642699254e-01
	3.000000000000000e-01

 250	2.010000044800000e-04
	4.950999640099513e-01
	3.000000000000000e-01

 251	2.010000070399999e-04
	4.951078332207265e-01
	3.000000000000000e-01

 252	2.010000121599999e-04
	4.950944822707891e-01
	3.000000000000000e-01

 253	2.010000223999999e-04
	4.950953817124923e-01
	3.000000000000000e-01

 254	2.010000428799998e-04
	4.950702507265541e-01
	3.000000000000000e-01

 255	2.010000838399996e-04
	4.950479169421898e-01
	3.000000000000000e-01

 256	2.010001657599993e-04
	4.949800308858072e-01
	3.000000000000000e-01

 257	2.010003295999986e-04
	4.948849890719660e-01
	3.000000000000000e-01

 258	2.010006572799973e-04
	4.947174206805499e-01
	3.000000000000000e-01

 259	2.010013126399947e-04
	4.945670718730411e-01
	3.000000000000000e-01

 260	2.010026233599895e-04
	4.946507945063858e-01
	3.000000000000000e-01

 261	2.010052447999790e-04
	4.955479172558436e-01
	3.000000000000000e-01

 262	2.010104876799581e-04
	4.975401719312037e-01
	3.000000000000000e-01

 263	2.010209734399162e-04
	4.997705720362842e-01
	3.000000000000000e-01

 264	2.010419449598324e-04
	5.021070135721901e-01
	3.000000000000000e-01

 265	2.010838879996648e-04
	4.995116507983448e-01
	3.000000000000000e-01

 266	2.011550205616528e-04
	4.822724231179544e-01
	3.000000000000000e-01

 267	2.012700049573187e-04
	4.579358543035075e-01
	3.000000000000000e-01

 268	2.014761377354015e-04
	4.190385138266381e-01
	3.000000000000000e-01

 269	2.018884032915671e-04
	3.425124705496847e-01
	3.000000000000000e-01

 270	2.027129344038983e-04
	2.596734507014207e-01
	3.000000000000000e-01

 271	2.028379344038983e-04
	2.640783810396612e-01
	3.000000000000000e-01

 272	2.030879344038983e-04
	2.794243274001356e-01
	3.000000000000000e-01

 273	2.034417991177166e-04
	3.029120862352723e-01
	3.000000000000000e-01

 274	2.037915520117427e-04
	3.086574967859465e-01
	3.000000000000000e-01

 275	2.042449603889640e-04
	3.010483201732224e-01
	3.000000000000000e-01

 276	2.047978527505799e-04
	2.985675405371863e-01
	3.000000000000000e-01

 277	2.053727547561516e-04
	2.994999316500924e-01
	3.000000000000000e-01

 278	2.063727547561516e-04
	3.004403511055180e-01
	3.000000000000000e-01

 279	2.073727547561516e-04
	2.996903203622580e-01
	3.000000000000000e-01

 280	2.083727547561516e-04
	2.999593286774140e-01
	3.000000000000000e-01

 281	2.093727547561516e-04
	2.999967380727247e-01
	3.000000000000000e-01

 282	2.103727547561516e-04
	2.998654026976907e-01
	3.000000000000000e-01

 283	2.113727547561516e-04
	2.999954244609209e-01
	3.000000000000000e-01

 284	2.123727547561516e-04
	2.998810319461601e-01
	3.000000000000000e-01

 285	2.133727547561516e-04
	2.999804492600943e-01
	3.000000000000000e-01

 286	2.143727547561516e-04
	2.998794517810798e-01
	3.000000000000000e-01

 287	2.153727547561516e-04
	2.999913731973191e-01
	3.000000000000000e-01

 288	2.163727547561516e-04
	2.998689663834245e-01
	3.000000000000000e-01

 289	2.173727547561516e-04
	2.999992667200572e-01
	3.000000000000000e-01

 290	2.183727547561516e-04
	2.998650702339134e-01
	3.000000000000000e-01

 291	2.193727547561516e-04
	3.000018763242251e-01
	3.000000000000000e-01

 292	2.203727547561516e-04
	2.998637579841440e-01
	3.000000000000000e-01

 293	2.213727547561516e-04
	3.000030758658369e-01
	3.000000000000000e-01

 294	2.223727547561516e-04
	2.998633016661277e-01
	3.000000000000000e-01

 295	2.233727547561516e-04
	3.000033209994712e-01
	3.000000000000000e-01

 296	2.243727547561516e-04
	2.998637090031452e-01
	3.000000000000000e-01

 297	2.253727547561516e-04
	3.000027137035279e-01
	3.000000000000000e-01

 298	2.263727547561516e-04
	2.998647855333263e-01
	3.000000000000000e-01

 299	2.273727547561516e-04
	3.000015221099114e-01
	3.000000000000000e-01

 300	2.283727547561516e-04
	2.998663125760785e-01
	3.000000000000000e-01

 301	2.293727547561516e-04
	2.999999294074426e-01
	3.000000000000000e-01

 302	2.303727547561516e-04
	2.998681607467236e-01
	3.000000000000000e-01

 303	2.313727547561516e-04
	2.999980490692594e-01
	3.000000000000000e-01

 304	2.323727547561516e-04
	2.998702373933118e-01
	3.000000000000000e-01

 305	2.333727547561516e-04
	2.999959697023258e-01
	3.000000000000000e-01

 306	2.343727547561516e-04
	2.998724674948250e-01
	3.000000000000000e-01

 307	2.353727547561516e-04
	2.999937600874761e-01
	3.000000000000000e-01

 308	2.363727547561516e-04
	2.998747939026818e-01
	3.000000000000000e-01

 309	2.373727547561516e-04
	2.999914725309240e-01
	3.000000000000000e-01

 310	2.383727547561516e-04
	2.998771713047891e-01
	3.000000000000000e-01

 311	2.393727547561516e-04
	2.999891480216869e-01
	3.000000000000000e-01

 312	2.403727547561515e-04
	2.998795649817625e-01
	3.000000000000000e-01

 313	2.413727547561515e-04
	2.999868179983365e-01
	3.000000000000000e-01

 314	2.423727547561515e-04
	2.998819471615137e-01
	3.000000000000000e-01

 315	2.433727547561515e-04
	2.999845075120434e-01
	3.000000000000000e-01

 316	2.443727547561515e-04
	2.998842966225658e-01
	3.000000000000000e-01

 317	2.453727547561516e-04
	2.999822347229205e-01
	3.000000000000000e-01

 318	2.463727547561516e-04
	2.998865979953443e-01
	3.000000000000000e-01

 319	2.473727547561516e-04
	2.999800133213891e-01
	3.000000000000000e-01

 320	2.483727547561516e-04
	2.998888394971815e-01
	3.000000000000000e-01

 321	2.493727547561517e-04
	2.999778533453913e-01
	3.000000000000000e-01

 322	2.503727547561517e-04
	2.998910129418241e-01
	3.000000000000000e-01

 323	2.513727547561517e-04
	2.999757621120107e-01
	3.000000000000000e-01

 324	2.523727547561517e-04
	2.998931117638758e-01
	3.000000000000000e-01

 325	2.533727547561518e-04
	2.999737447495446e-01
	3.000000000000000e-01

 326	2.543727547561518e-04
	2.998951328028824e-01
	3.000000000000000e-01

 327	2.553727547561518e-04
	2.999718036917485e-01
	3.000000000000000e-01

 328	2.563727547561518e-04
	2.998970734025800e-01
	3.000000000000000e-01

 329	2.573727547561519e-04
	2.999699416448089e-01
	3.000000000000000e-01

 330	2.583727547561519e-04
	2.998989326898064e-01
	3.000000000000000e-01

 331	2.593727547561519e-04
	2.999681577350122e-01
	3.000000000000000e-01

 332	2.603727547561519e-04
	2.999007114788311e-01
	3.000000000000000e-01

 333	2.613727547561519e-04
	2.999664520880032e-01
	3.000000000000000e-01

 334	2.623727547561520e-04
	2.999024104807078e-01
	3.000000000000000e-01

 335	2.633727547561520e-04
	2.999648228041437e-01
	3.000000000000000e-01

 336	2.643727547561520e-04
	2.999040317654708e-01
	3.000000000000000e-01

 337	2.653727547561520e-04
	2.999632688687428e-01
	3.000000000000000e-01

 338	2.663727547561521e-04
	2.999055763231063e-01
	3.000000000000000e-01

 339	2.673727547561521e-04
	2.999617883324838e-01
	3.000000000000000e-01

 340	2.683727547561521e-04
	2.999070466812613e-01
	3.000000000000000e-01

 341	2.693727547561521e-04
	2.999603789140202e-01
	3.000000000000000e-01

 342	2.703727547561522e-04
	2.999084459351274e-01
	3.000000000000000e-01

 343	2.713727547561522e-04
	2.999590369500572e-01
	3.000000000000000e-01

 344	2.723727547561522e-04
	2.999097772487840e-01
	3.000000000000000e-01

 345	2.733727547561522e-04
	2.999577607208810e-01
	3.000000000000000e-01

 346	2.743727547561523e-04
	2.999110421394716e-01
	3.000000000000000e-01

 347	2.753727547561523e-04
	2.999565475310971e-01
	3.000000000000000e-01

 348	2.763727547561523e-04
	2.999122445077685e-01
	3.000000000000000e-01

 349	2.773727547561523e-04
	2.999553939285157e-01
	3.000000000000000e-01

 350	2.783727547561524e-04
	2.999133867297779e-01
	3.000000000000000e-01

 351	2.793727547561524e-04
	2.999542982667922e-01
	3.000000000000000e-01

 352	2.803727547561524e-04
	2.999144712778033e-01
	3.000000000000000e-01

 353	2.813727547561524e-04
	2.999532573183782e-01
	3.000000000000000e-01

 354	2.823727547561525e-04
	2.999155009519658e-01
	3.000000000000000e-01

 355	2.833727547561525e-04
	2.999522692741776e-01
	3.000000000000000e-01

 356	2.843727547561525e-04
	2.999164781910438e-01
	3.000000000000000e-01

 357	2.853727547561525e-04
	2.999513303441026e-01
	3.000000000000000e-01

 358	2.863727547561526e-04
	2.999174065232191e-01
	3.000000000000000e-01

 359	2.873727547561526e-04
	2.999504388773975e-01
	3.000000000000000e-01

 360	2.883727547561526e-04
	2.999182873888217e-01
	3.000000000000000e-01

 361	2.893727547561526e-04
	2.999495924770152e-01
	3.000000000000000e-01

 362	2.903727547561527e-04
	2.999191236252560e-01
	3.000000000000000e-01

 363	2.913727547561527e-04
	2.999487887979077e-01
	3.000000000000000e-01

 364	2.923727547561527e-04
	2.999199171377147e-01
	3.000000000000000e-01

 365	2.933727547561527e-04
	2.999480258217688e-01
	3.000000000000000e-01

 366	2.943727547561528e-04
	2.999206705910364e-01
	3.000000000000000e-01

 367	2.953727547561528e-04
	2.999473011028703e-01
	3.000000000000000e-01

 368	2.963727547561528e-04
	2.999213858211855e-01
	3.000000000000000e-01

 369	2.973727547561528e-04
	2.999466132451537e-01
	3.000000000000000e-01

 370	2.983727547561528e-04
	2.999220641828511e-01
	3.000000000000000e-01

 371	2.993727547561529e-04
	2.999459603399619e-01
	3.000000000000000e-01

 372	3.003727547561529e-04
	2.999227085278714e-01
	3.000000000000000e-01

 373	3.013727547561529e-04
	2.999453401053201e-01
	3.000000000000000e-01

 374	3.023727547561529e-04
	2.999233200986420e-01
	3.000000000000000e-01

 375	3.033727547561530e-04
	2.999447509205070e-01
	3.000000000000000e-01

 376	3.043727547561530e-04
	2.999239009765031e-01
	3.000000000000000e-01

 377	3.053727547561530e-04
	2.999441915713446e-01
	3.000000000000000e-01

 378	3.063727547561530e-04
	2.999244522847880e-01
	3.000000000000000e-01

 379	3.073727547561531e-04
	2.999436604875224e-01
	3.000000000000000e-01

 380	3.083727547561531e-04
	2.999249752201144e-01
	3.000000000000000e-01

 381	3.093727547561531e-04
	2.999431565431845e-01
	3.000000000000000e-01

 382	3.103727547561531e-04
	2.999254719506397e-01
	3.000000000000000e-01

 383	3.113727547561532e-04
	2.999426775084905e-01
	3.000000000000000e-01

 384	3.123727547561532e-04
	2.999259437016487e-01
	3.000000000000000e-01

 385	3.133727547561532e-04
	2.999422225582776e-01
	3.000000000000000e-01

 386	3.143727547561532e-04
	2.999263915818980e-01
	3.000000000000000e-01

 387	3.153727547561533e-04
	2.999417906597553e-01
	3.000000000000000e-01

 388	3.163727547561533e-04
	2.999268168669720e-01
	3.000000000000000e-01

 389	3.173727547561533e-04
	2.999413800380515e-01
	3.000000000000000e-01

 390	3.183727547561533e-04
	2.999272210007763e-01
	3.000000000000000e-01

 391	3.193727547561534e-04
	2.999409903126537e-01
	3.000000000000000e-01

 392	3.203727547561534e-04
	2.999276041511980e-01
	3.000000000000000e-01

 393	3.213727547561534e-04
	2.999406204012172e-01
	3.000000000000000e-01

 394	3.223727547561534e-04
	2.999279684189710e-01
	3.000000000000000e-01

 395	3.233727547561535e-04
	2.999402683123948e-01
	3.000000000000000e-01

 396	3.243727547561535e-04
	2.999283145124926e-01
	3.000000000000000e-01

 397	3.253727547561535e-04
	2.999399346770248e-01
	3.000000000000000e-01

 398	3.263727547561535e-04
	2.999286422145028e-01
	3.000000000000000e-01

 399	3.273727547561536e-04
	2.999396179175281e-01
	3.000000000000000e-01

 400	3.283727547561536e-04
	2.999289540631919e-01
	3.000000000000000e-01

 401	3.293727547561536e-04
	2.999393163977346e-01
	3.000000000000000e-01

 402	3.303727547561536e-04
	2.999292500900387e-01
	3.000000000000000e-01

 403	3.313727547561537e-04
	2.999390305934619e-01
	3.000000000000000e-01

 404	3.323727547561537e-04
	2.999295310380500e-01
	3.000000000000000e-01

 405	3.333727547561537e-04
	2.999387586749619e-01
	3.000000000000000e-01

 406	3.343727547561537e-04
	2.999297984149193e-01
	3.000000000000000e-01

 407	3.353727547561537e-04
	2.999385003233206e-01
	3.000000000000000e-01

 408	3.363727547561538e-04
	2.999300517826829e-01
	3.000000000000000e-01

 409	3.373727547561538e-04
	2.999382554598692e-01
	3.000000000000000e-01

 410	3.383727547561538e-04
	2.999302922825157e-01
	3.000000000000000e-01

 411	3.393727547561538e-04
	2.999380228739090e-01
	3.000000000000000e-01

 412	3.403727547561539e-04
	2.999305208010743e-01
	3.000000000000000e-01

 413	3.413727547561539e-04
	2.999378014027481e-01
	3.000000000000000e-01

 414	3.423727547561539e-04
	2.999307382596001e-01
	3.000000000000000e-01

 415	3.433727547561539e-04
	2.999375913257089e-01
	3.000000000000000e-01

 416	3.443727547561540e-04
	2.999309440791040e-01
	3.000000000000000e-01

 417	3.453727547561540e-04
	2.999373925617843e-01
	3.000000000000000e-01

 418	3.463727547561540e-04
	2.999311388358167e-01
	3.000000000000000e-01

 419	3.473727547561540e-04
	2.999372038225098e-01
	3.000000000000000e-01

 420	3.483727547561541e-04
	2.999313243488714e-01
	3.000000000000000e-01

 421	3.493727547561541e-04
	2.999370240799371e-01
	3.000000000000000e-01

 422	3.503727547561541e-04
	2.999315007729830e-01
	3.000000000000000e-01

 423	3.513727547561541e-04
	2.999368534169762e-01
	3.000000000000000e-01

 424	3.523727547561542e-04
	2.999316678343672e-01
	3.000000000000000e-01

 425	3.533727547561542e-04
	2.999366916909810e-01
	3.000000000000000e-01

 426	3.543727547561542e-04
	2.999318264008146e-01
	3.000000000000000e-01

 427	3.553727547561542e-04
	2.999365381463284e-01
	3.000000000000000e-01

 428	3.563727547561543e-04
	2.999319770021849e-01
	3.000000000000000e-01

 429	3.573727547561543e-04
	2.999363922738204e-01
	3.000000000000000e-01

 430	3.583727547561543e-04
	2.999321197529798e-01
	3.000000000000000e-01

 431	3.593727547561543e-04
	2.999362541717628e-01
	3.000000000000000e-01

 432	3.603727547561544e-04
	2.999322549586281e-01
	3.000000000000000e-01

 433	3.613727547561544e-04
	2.999361234032833e-01
	3.000000000000000e-01

 434	3.623727547561544e-04
	2.999323829242967e-01
	3.000000000000000e-01

 435	3.633727547561544e-04
	2.999359992254444e-01
	3.000000000000000e-01

 436	3.643727547561545e-04
	2.999325050524252e-01
	3.000000000000000e-01

 437	3.653727547561545e-04
	2.999358807192955e-01
	3.000000000000000e-01

 438	3.663727547561545e-04
	2.999326205763259e-01
	3.000000000000000e-01

 439	3.673727547561545e-04
	2.999357693414836e-01
	3.000000000000000e-01

 440	3.683727547561546e-04
	2.999327294598854e-01
	3.000000000000000e-01

 441	3.693727547561546e-04
	2.999356637143892e-01
	3.000000000000000e-01

 442	3.703727547561546e-04
	2.999328330357366e-01
	3.000000000000000e-01

 443	3.713727547561546e-04
	2.999355631759211e-01
	3.000000000000000e-01

 444	3.723727547561546e-04
	2.999329315212074e-01
	3.000000000000000e-01

 445	3.733727547561547e-04
	2.999354676650719e-01
	3.000000000000000e-01

 446	3.743727547561547e-04
	2.999330248649975e-01
	3.000000000000000e-01

 447	3.753727547561547e-04
	2.999353776496018e-01
	3.000000000000000e-01

 448	3.763727547561547e-04
	2.999331124413603e-01
	3.000000000000000e-01

 449	3.773727547561548e-04
	2.999352926024670e-01
	3.000000000000000e-01

 450	3.783727547561548e-04
	2.999331960035947e-01
	3.000000000000000e-01

 451	3.793727547561548e-04
	2.999352117730946e-01
	3.000000000000000e-01

 452	3.803727547561548e-04
	2.999332747587443e-01
	3.000000000000000e-01

 453	3.813727547561549e-04
	2.999351353902201e-01
	3.000000000000000e-01

 454	3.823727547561549e-04
	2.999333493977347e-01
	3.000000000000000e-01

 455	3.833727547561549e-04
	2.999350631588005e-01
	3.000000000000000e-01

 456	3.843727547561549e-04
	2.999334199607486e-01
	3.000000000000000e-01

 457	3.853727547561550e-04
	2.999349947174617e-01
	3.000000000000000e-01

 458	3.863727547561550e-04
	2.999334868875897e-01
	3.000000000000000e-01

 459	3.873727547561550e-04
	2.999349297929853e-01
	3.000000000000000e-01

 460	3.883727547561550e-04
	2.999335501969012e-01
	3.000000000000000e-01

 461	3.893727547561551e-04
	2.999348686189017e-01
	3.000000000000000e-01

 462	3.903727547561551e-04
	2.999336100055867e-01
	3.000000000000000e-01

 463	3.913727547561551e-04
	2.999348105493397e-01
	3.000000000000000e-01

 464	3.923727547561551e-04
	2.999336664812361e-01
	3.000000000000000e-01

 465	3.933727547561552e-04
	2.999347560740581e-01
	3.000000000000000e-01

 466	3.943727547561552e-04
	2.999337195638523e-01
	3.000000000000000e-01

 467	3.953727547561552e-04
	2.999347045944997e-01
	3.000000000000000e-01

 468	3.963727547561552e-04
	2.999337698614303e-01
	3.000000000000000e-01

 469	3.973727547561553e-04
	2.999346557947035e-01
	3.000000000000000e-01

 470	3.983727547561553e-04
	2.999338174930712e-01
	3.000000000000000e-01

 471	3.993727547561553e-04
	2.999346097659750e-01
	3.000000000000000e-01

 472	4.003727547561553e-04
	2.999338620278114e-01
	3.000000000000000e-01

 473	4.010000000000000e-04
	2.999345544686633e-01
	3.000000000000000e-01

